5.000000000000000000e+02 5.000000000000000000e+01
5.580000000000000000e+02 5.000000000000000000e+01
2.900000000000000000e+02 2.050609665440987897e+02
8.650000000000000000e+02 1.000000000000000000e+02
5.240000000000000000e+02 5.000000000000000000e+01
2.600000000000000000e+02 1.303840481040529653e+02
2.800000000000000000e+02 2.800000000000000000e+01
1.800000000000000000e+02 3.600000000000000000e+01
7.500000000000000000e+01 2.500000000000000000e+01
1.360000000000000000e+02 1.400000000000000000e+01
1.200000000000000000e+02 2.236067977499789805e+01
1.000000000000000000e+02 1.843908891458577415e+01
1.250000000000000000e+02 5.000000000000000000e+00
1.300000000000000000e+02 3.000000000000000000e+01
9.800000000000000000e+01 1.500000000000000000e+01
7.900000000000000000e+01 1.200000000000000000e+01
7.500000000000000000e+01 1.688194301613413373e+01
9.500000000000000000e+01 1.341640786499873883e+01
4.000000000000000000e+01 1.802775637731994607e+01
9.500000000000000000e+01 3.600000000000000000e+01
6.000000000000000000e+01 1.500000000000000000e+01
5.500000000000000000e+01 9.000000000000000000e+00
5.700000000000000000e+01 6.000000000000000000e+00
5.700000000000000000e+01 3.000000000000000000e+00
5.900000000000000000e+01 4.000000000000000000e+00
9.500000000000000000e+01 1.341640786499873883e+01
5.500000000000000000e+01 5.000000000000000000e+00
4.100000000000000000e+01 3.000000000000000000e+00
7.600000000000000000e+01 8.000000000000000000e+00
5.000000000000000000e+01 4.000000000000000000e+00
8.000000000000000000e+01 8.000000000000000000e+00
5.400000000000000000e+01 4.029888335921977216e+01
4.900000000000000000e+01 2.000000000000000000e+00
4.900000000000000000e+01 9.000000000000000000e+00
5.200000000000000000e+01 2.000000000000000000e+00
8.300000000000000000e+01 1.900000000000000000e+01
7.600000000000000000e+01 8.000000000000000000e+00
9.000000000000000000e+01 1.000000000000000000e+01
1.100000000000000000e+02 1.000000000000000000e+01
5.100000000000000000e+01 2.000000000000000000e+00
5.800000000000000000e+01 9.219544457292887074e+00
6.000000000000000000e+01 1.224744871391589029e+01
5.600000000000000000e+01 1.500000000000000000e+01
6.100000000000000000e+01 4.000000000000000000e+00
5.900000000000000000e+01 8.000000000000000000e+00
8.000000000000000000e+01 1.100000000000000000e+01
1.000000000000000000e+02 1.000000000000000000e+01
1.000000000000000000e+02 1.000000000000000000e+01
7.500000000000000000e+01 1.500000000000000000e+01
6.500000000000000000e+01 4.000000000000000000e+00
9.500000000000000000e+01 4.000000000000000000e+00
5.000000000000000000e+01 8.000000000000000000e+00
5.500000000000000000e+01 6.000000000000000000e+00
5.000000000000000000e+01 7.000000000000000000e+00
9.500000000000000000e+01 1.000000000000000000e+01
6.300000000000000000e+01 1.000000000000000000e+01
5.000000000000000000e+01 7.000000000000000000e+00
7.100000000000000000e+01 2.000000000000000000e+00
1.000000000000000000e+02 1.000000000000000000e+01
8.200000000000000000e+01 1.000000000000000000e+01
9.300000000000000000e+01 1.000000000000000000e+01
7.400000000000000000e+01 1.100000000000000000e+01
5.500000000000000000e+01 9.000000000000000000e+00
9.100000000000000000e+01 3.000000000000000000e+00
8.500000000000000000e+01 5.000000000000000000e+00
1.020000000000000000e+02 8.000000000000000000e+00
1.010000000000000000e+02 1.000000000000000000e+01
9.700000000000000000e+01 2.000000000000000000e+01
9.900000000000000000e+01 7.000000000000000000e+00
5.000000000000000000e+01 7.000000000000000000e+00
7.000000000000000000e+01 3.000000000000000000e+01
5.500000000000000000e+01 1.500000000000000000e+01
4.300000000000000000e+01 1.000000000000000000e+01
1.200000000000000000e+02 2.000000000000000000e+01
5.200000000000000000e+01 2.000000000000000000e+00
6.000000000000000000e+01 1.000000000000000000e+01
5.500000000000000000e+01 1.500000000000000000e+01
6.700000000000000000e+01 4.000000000000000000e+00
5.000000000000000000e+01 7.000000000000000000e+00
8.500000000000000000e+01 2.236067977499789805e+01
9.200000000000000000e+01 1.000000000000000000e+00
9.000000000000000000e+01 2.000000000000000000e+01
1.090000000000000000e+02 4.000000000000000000e+00
4.300000000000000000e+01 1.000000000000000000e+01
5.000000000000000000e+01 7.000000000000000000e+00
9.900000000000000000e+01 1.000000000000000000e+01
6.000000000000000000e+01 1.000000000000000000e+01
8.500000000000000000e+01 1.500000000000000000e+01
5.500000000000000000e+01 5.000000000000000000e+00
6.000000000000000000e+01 6.000000000000000000e+00
7.200000000000000000e+01 3.000000000000000000e+00
7.000000000000000000e+01 5.000000000000000000e+00
1.050000000000000000e+02 1.100000000000000000e+01
5.500000000000000000e+01 7.000000000000000000e+00
9.000000000000000000e+01 1.000000000000000000e+01
6.700000000000000000e+01 1.000000000000000000e+01
9.200000000000000000e+01 3.000000000000000000e+01
5.000000000000000000e+01 1.000000000000000000e+01
6.900000000000000000e+01 1.400000000000000000e+01
6.000000000000000000e+01 1.500000000000000000e+01
4.800000000000000000e+01 1.200000000000000000e+01
7.500000000000000000e+01 5.000000000000000000e+00
8.800000000000000000e+01 3.500000000000000000e+01
5.500000000000000000e+01 1.500000000000000000e+01
7.000000000000000000e+01 2.000000000000000000e+01
5.700000000000000000e+01 1.000000000000000000e+01
6.600000000000000000e+01 1.000000000000000000e+01
9.000000000000000000e+01 5.000000000000000000e+00
6.500000000000000000e+01 2.236067977499789805e+01
5.600000000000000000e+01 1.200000000000000000e+01
8.500000000000000000e+01 1.000000000000000000e+01
4.200000000000000000e+01 1.100000000000000000e+01
5.600000000000000000e+01 1.300000000000000000e+01
5.700000000000000000e+01 1.000000000000000000e+00
8.900000000000000000e+01 1.000000000000000000e+01
7.500000000000000000e+01 1.500000000000000000e+01
1.050000000000000000e+02 3.500000000000000000e+01
8.800000000000000000e+01 2.280350850198275836e+01
9.000000000000000000e+01 1.500000000000000000e+01
8.500000000000000000e+01 5.000000000000000000e+00
7.200000000000000000e+01 3.000000000000000000e+00
6.700000000000000000e+01 8.000000000000000000e+00
2.400000000000000000e+01 1.140175425099137918e+01
6.800000000000000000e+01 8.000000000000000000e+00
7.300000000000000000e+01 1.000000000000000000e+01
8.700000000000000000e+01 1.248999599679679662e+01
7.100000000000000000e+01 3.464101615137754386e+00
4.500000000000000000e+01 3.000000000000000000e+00
7.000000000000000000e+01 1.000000000000000000e+01
8.400000000000000000e+01 1.000000000000000000e+01
5.200000000000000000e+01 2.000000000000000000e+00
6.900000000000000000e+01 1.400000000000000000e+01
5.000000000000000000e+01 1.700000000000000000e+01
8.200000000000000000e+01 7.000000000000000000e+00
5.200000000000000000e+01 2.000000000000000000e+00
5.500000000000000000e+01 1.500000000000000000e+01
9.200000000000000000e+01 1.889444362769118513e+01
4.500000000000000000e+01 1.200000000000000000e+01
8.700000000000000000e+01 1.200000000000000000e+01
9.000000000000000000e+01 1.000000000000000000e+01
8.500000000000000000e+01 1.000000000000000000e+01
5.500000000000000000e+01 2.500000000000000000e+01
4.500000000000000000e+01 9.000000000000000000e+00
8.000000000000000000e+01 1.200000000000000000e+01
4.400000000000000000e+01 3.000000000000000000e+00
6.300000000000000000e+01 3.000000000000000000e+00
7.700000000000000000e+01 8.000000000000000000e+00
4.300000000000000000e+01 1.100000000000000000e+01
4.400000000000000000e+01 1.200000000000000000e+01
9.000000000000000000e+01 1.000000000000000000e+01
5.800000000000000000e+01 1.000000000000000000e+01
8.600000000000000000e+01 1.800000000000000000e+01
4.700000000000000000e+01 5.000000000000000000e+00
8.900000000000000000e+01 6.000000000000000000e+00
8.500000000000000000e+01 4.000000000000000000e+00
7.500000000000000000e+01 8.000000000000000000e+00
5.500000000000000000e+01 1.700000000000000000e+01
5.300000000000000000e+01 8.000000000000000000e+00
5.200000000000000000e+01 9.000000000000000000e+00
8.100000000000000000e+01 1.596871942267131139e+01
7.300000000000000000e+01 7.000000000000000000e+00
8.000000000000000000e+01 1.700000000000000000e+01
6.700000000000000000e+01 7.000000000000000000e+00
5.200000000000000000e+01 8.000000000000000000e+00
5.800000000000000000e+01 6.000000000000000000e+00
5.500000000000000000e+01 7.000000000000000000e+00
5.000000000000000000e+01 5.000000000000000000e+00
6.000000000000000000e+01 4.000000000000000000e+00
7.100000000000000000e+01 2.738612787525830683e+01
8.000000000000000000e+01 1.700000000000000000e+01
6.900000000000000000e+01 8.000000000000000000e+00
8.000000000000000000e+01 1.700000000000000000e+01
7.000000000000000000e+01 1.300000000000000000e+01
5.700000000000000000e+01 2.449489742783177881e+00
7.800000000000000000e+01 1.100000000000000000e+01
7.000000000000000000e+01 9.000000000000000000e+00
5.500000000000000000e+01 1.000000000000000000e+01
6.900000000000000000e+01 8.000000000000000000e+00
7.800000000000000000e+01 1.100000000000000000e+01
8.100000000000000000e+01 8.000000000000000000e+00
6.600000000000000000e+01 6.000000000000000000e+00
5.000000000000000000e+01 2.000000000000000000e+00
7.700000000000000000e+01 6.633249580710799620e+00
5.600000000000000000e+01 5.000000000000000000e+00
5.500000000000000000e+01 5.000000000000000000e+00
5.500000000000000000e+01 1.000000000000000000e+01
8.400000000000000000e+01 4.000000000000000000e+00
7.600000000000000000e+01 8.000000000000000000e+00
6.700000000000000000e+01 9.000000000000000000e+00
5.700000000000000000e+01 4.000000000000000000e+00
6.500000000000000000e+01 8.000000000000000000e+00
5.500000000000000000e+01 3.000000000000000000e+00
5.700000000000000000e+01 4.000000000000000000e+00
4.000000000000000000e+01 1.000000000000000000e+01
7.000000000000000000e+01 5.000000000000000000e+00
6.000000000000000000e+01 3.000000000000000000e+00
5.400000000000000000e+01 4.000000000000000000e+00
7.300000000000000000e+01 1.000000000000000000e+01
7.300000000000000000e+01 1.000000000000000000e+01
7.400000000000000000e+01 1.100000000000000000e+01
8.200000000000000000e+01 1.300000000000000000e+01
8.100000000000000000e+01 6.000000000000000000e+00
6.200000000000000000e+01 9.000000000000000000e+00
8.500000000000000000e+01 1.140175425099137918e+01
6.000000000000000000e+01 1.000000000000000000e+01
5.500000000000000000e+01 1.000000000000000000e+01
6.800000000000000000e+01 7.000000000000000000e+00
5.600000000000000000e+01 3.000000000000000000e+00
7.300000000000000000e+01 7.000000000000000000e+00
6.900000000000000000e+01 8.000000000000000000e+00
7.200000000000000000e+01 1.095445115010332238e+01
5.700000000000000000e+01 5.000000000000000000e+00
6.300000000000000000e+01 1.200000000000000000e+01
5.100000000000000000e+01 1.349073756323204165e+01
5.800000000000000000e+01 9.000000000000000000e+00
5.500000000000000000e+01 5.000000000000000000e+00
7.300000000000000000e+01 1.000000000000000000e+01
6.300000000000000000e+01 3.000000000000000000e+00
6.500000000000000000e+01 8.000000000000000000e+00
5.500000000000000000e+01 1.000000000000000000e+01
7.200000000000000000e+01 7.348469228349534532e+00
7.000000000000000000e+01 1.000000000000000000e+01
9.800000000000000000e+01 1.148912529307605723e+01
7.200000000000000000e+01 1.200000000000000000e+01
5.800000000000000000e+01 7.483314773547882659e+00
5.500000000000000000e+01 1.000000000000000000e+01
9.300000000000000000e+01 1.095445115010332238e+01
7.000000000000000000e+01 7.000000000000000000e+00
6.700000000000000000e+01 8.000000000000000000e+00
6.800000000000000000e+01 6.000000000000000000e+00
7.300000000000000000e+01 8.000000000000000000e+00
6.700000000000000000e+01 9.000000000000000000e+00
6.400000000000000000e+01 2.097617696340303084e+01
8.100000000000000000e+01 6.000000000000000000e+00
8.000000000000000000e+01 8.485281374238569541e+00
7.400000000000000000e+01 5.000000000000000000e+00
8.200000000000000000e+01 1.000000000000000000e+01
6.800000000000000000e+01 8.000000000000000000e+00
6.200000000000000000e+01 7.000000000000000000e+00
9.200000000000000000e+01 1.200000000000000000e+01
6.900000000000000000e+01 5.000000000000000000e+00
7.500000000000000000e+01 6.000000000000000000e+00
6.900000000000000000e+01 8.000000000000000000e+00
7.400000000000000000e+01 1.400000000000000000e+01
6.800000000000000000e+01 3.000000000000000000e+00
7.000000000000000000e+01 1.000000000000000000e+01
6.700000000000000000e+01 3.000000000000000000e+00
6.500000000000000000e+01 1.000000000000000000e+01
6.000000000000000000e+01 1.000000000000000000e+01
5.800000000000000000e+01 7.071067811865475505e+00
6.500000000000000000e+01 1.600000000000000000e+01
5.200000000000000000e+01 6.000000000000000000e+00
7.800000000000000000e+01 4.898979485566356118e+01
5.200000000000000000e+01 1.400000000000000000e+01
5.300000000000000000e+01 8.366600265340755627e+00
6.600000000000000000e+01 5.000000000000000000e+00
7.100000000000000000e+01 1.100000000000000000e+01
5.500000000000000000e+01 5.000000000000000000e+00
4.400000000000000000e+01 7.000000000000000000e+00
6.000000000000000000e+01 2.000000000000000000e+00
7.000000000000000000e+01 1.000000000000000000e+01
5.400000000000000000e+01 1.400000000000000000e+01
5.300000000000000000e+01 5.000000000000000000e+00
5.700000000000000000e+01 5.000000000000000000e+00
5.000000000000000000e+01 2.000000000000000000e+01
8.900000000000000000e+01 1.000000000000000000e+01
8.200000000000000000e+01 8.000000000000000000e+00
5.300000000000000000e+01 3.000000000000000000e+00
6.600000000000000000e+01 1.200000000000000000e+01
6.100000000000000000e+01 9.000000000000000000e+00
5.600000000000000000e+01 7.000000000000000000e+00
5.700000000000000000e+01 5.000000000000000000e+00
5.000000000000000000e+01 3.000000000000000000e+00
6.500000000000000000e+01 1.000000000000000000e+01
6.000000000000000000e+01 1.000000000000000000e+01
4.700000000000000000e+01 1.857417562100670949e+01
6.500000000000000000e+01 1.673320053068151125e+01
6.600000000000000000e+01 1.449137674618943805e+01
8.200000000000000000e+01 1.600000000000000000e+01
3.000000000000000000e+01 1.122497216032182443e+01
4.700000000000000000e+01 6.000000000000000000e+00
4.200000000000000000e+01 1.039230484541326405e+01
6.200000000000000000e+01 7.000000000000000000e+00
7.200000000000000000e+01 1.200000000000000000e+01
5.800000000000000000e+01 1.100000000000000000e+01
5.700000000000000000e+01 7.000000000000000000e+00
6.000000000000000000e+01 1.100000000000000000e+01
5.600000000000000000e+01 3.000000000000000000e+00
5.100000000000000000e+01 4.000000000000000000e+00
5.700000000000000000e+01 8.000000000000000000e+00
5.800000000000000000e+01 1.849324200890692893e+01
7.000000000000000000e+01 1.000000000000000000e+01
5.700000000000000000e+01 7.000000000000000000e+00
7.400000000000000000e+01 7.483314773547882659e+00
6.000000000000000000e+01 6.000000000000000000e+00
5.700000000000000000e+01 7.000000000000000000e+00
6.200000000000000000e+01 6.000000000000000000e+00
6.100000000000000000e+01 1.396424004376894068e+01
6.800000000000000000e+01 5.000000000000000000e+00
7.900000000000000000e+01 7.000000000000000000e+00
6.100000000000000000e+01 5.000000000000000000e+00
7.700000000000000000e+01 8.000000000000000000e+00
5.500000000000000000e+01 1.000000000000000000e+01
6.500000000000000000e+01 3.000000000000000000e+00
8.700000000000000000e+01 1.100000000000000000e+01
5.500000000000000000e+01 8.000000000000000000e+00
4.900000000000000000e+01 2.900000000000000000e+01
7.900000000000000000e+01 1.200000000000000000e+01
4.700000000000000000e+01 1.400000000000000000e+01
7.000000000000000000e+01 1.800000000000000000e+01
7.100000000000000000e+01 1.300000000000000000e+01
8.200000000000000000e+01 8.000000000000000000e+00
7.700000000000000000e+01 4.000000000000000000e+00
6.000000000000000000e+01 1.000000000000000000e+01
5.300000000000000000e+01 3.261901286060017924e+01
6.400000000000000000e+01 4.000000000000000000e+00
4.200000000000000000e+01 9.000000000000000000e+00
6.900000000000000000e+01 8.000000000000000000e+00
6.400000000000000000e+01 4.000000000000000000e+00
7.300000000000000000e+01 8.000000000000000000e+00
5.800000000000000000e+01 1.100000000000000000e+01
6.100000000000000000e+01 6.000000000000000000e+00
4.400000000000000000e+01 7.000000000000000000e+00
5.900000000000000000e+01 5.000000000000000000e+00
7.700000000000000000e+01 2.638181191654583913e+01
6.900000000000000000e+01 1.571623364550171154e+01
6.500000000000000000e+01 5.000000000000000000e+00
5.700000000000000000e+01 1.918332609325087645e+01
4.600000000000000000e+01 1.240967364599085698e+01
6.300000000000000000e+01 7.000000000000000000e+00
6.200000000000000000e+01 5.000000000000000000e+00
5.600000000000000000e+01 6.000000000000000000e+00
5.200000000000000000e+01 4.472135954999579610e+00
6.000000000000000000e+01 2.000000000000000000e+00
6.500000000000000000e+01 2.000000000000000000e+00
7.200000000000000000e+01 6.000000000000000000e+00
7.000000000000000000e+01 5.477225575051661188e+00
7.900000000000000000e+01 7.000000000000000000e+00
6.800000000000000000e+01 1.000000000000000000e+01
7.300000000000000000e+01 1.195826074310139830e+01
7.800000000000000000e+01 1.100000000000000000e+01
7.100000000000000000e+01 8.000000000000000000e+00
6.900000000000000000e+01 7.000000000000000000e+00
6.800000000000000000e+01 5.000000000000000000e+00
6.800000000000000000e+01 6.000000000000000000e+00
7.100000000000000000e+01 6.000000000000000000e+00
7.900000000000000000e+01 7.000000000000000000e+00
6.000000000000000000e+01 1.200000000000000000e+01
6.300000000000000000e+01 1.200000000000000000e+01
6.700000000000000000e+01 1.200000000000000000e+01
6.900000000000000000e+01 1.469693845669906906e+01
6.400000000000000000e+01 6.928203230275508773e+00
6.500000000000000000e+01 8.000000000000000000e+00
6.300000000000000000e+01 4.000000000000000000e+00
7.700000000000000000e+01 7.000000000000000000e+00
7.400000000000000000e+01 7.000000000000000000e+00
5.900000000000000000e+01 7.483314773547882659e+00
6.800000000000000000e+01 1.300000000000000000e+01
7.400000000000000000e+01 1.749285568453590045e+01
5.500000000000000000e+01 1.449137674618943805e+01
7.100000000000000000e+01 5.916079783099616130e+00
6.900000000000000000e+01 1.140175425099137918e+01
6.500000000000000000e+01 1.000000000000000000e+00
6.800000000000000000e+01 5.000000000000000000e+00
6.600000000000000000e+01 6.000000000000000000e+00
6.900000000000000000e+01 6.000000000000000000e+00
7.100000000000000000e+01 7.000000000000000000e+00
7.200000000000000000e+01 4.000000000000000000e+00
7.100000000000000000e+01 6.000000000000000000e+00
7.800000000000000000e+01 1.000000000000000000e+01
6.000000000000000000e+01 1.732050807568877460e+01
7.100000000000000000e+01 8.000000000000000000e+00
7.100000000000000000e+01 6.000000000000000000e+00
6.800000000000000000e+01 6.000000000000000000e+00
6.900000000000000000e+01 1.571623364550171154e+01
7.400000000000000000e+01 4.000000000000000000e+00
5.700000000000000000e+01 3.000000000000000000e+00
7.700000000000000000e+01 8.000000000000000000e+00
8.100000000000000000e+01 1.000000000000000000e+01
6.900000000000000000e+01 9.000000000000000000e+00
6.100000000000000000e+01 1.100000000000000000e+01
5.800000000000000000e+01 5.000000000000000000e+00
6.300000000000000000e+01 2.100000000000000000e+01
5.500000000000000000e+01 3.000000000000000000e+00
7.000000000000000000e+01 1.200000000000000000e+01
5.000000000000000000e+01 1.933907960581371555e+01
7.000000000000000000e+01 2.190890230020664475e+01
5.900000000000000000e+01 6.000000000000000000e+00
7.100000000000000000e+01 7.000000000000000000e+00
8.500000000000000000e+01 5.000000000000000000e+00
9.200000000000000000e+01 5.000000000000000000e+00
4.000000000000000000e+01 1.300000000000000000e+01
6.700000000000000000e+01 2.000000000000000000e+00
7.000000000000000000e+01 4.000000000000000000e+00
7.100000000000000000e+01 7.000000000000000000e+00
5.200000000000000000e+01 1.058300524425836286e+01
6.500000000000000000e+01 8.000000000000000000e+00
5.900000000000000000e+01 3.261901286060017924e+01
6.500000000000000000e+01 2.000000000000000000e+00
6.800000000000000000e+01 1.000000000000000000e+01
6.200000000000000000e+01 1.800000000000000000e+01
7.100000000000000000e+01 2.044504830026087205e+01
6.200000000000000000e+01 4.000000000000000000e+00
5.800000000000000000e+01 6.000000000000000000e+00
7.100000000000000000e+01 6.000000000000000000e+00
6.400000000000000000e+01 4.000000000000000000e+00
6.900000000000000000e+01 1.571623364550171154e+01
7.600000000000000000e+01 1.000000000000000000e+00
7.300000000000000000e+01 2.000000000000000000e+00
7.000000000000000000e+01 9.000000000000000000e+00
7.300000000000000000e+01 7.000000000000000000e+00
7.300000000000000000e+01 7.000000000000000000e+00
6.300000000000000000e+01 6.000000000000000000e+00
7.000000000000000000e+01 5.000000000000000000e+00
7.200000000000000000e+01 8.000000000000000000e+00
7.100000000000000000e+01 1.039230484541326405e+01
7.900000000000000000e+01 4.000000000000000000e+00
6.600000000000000000e+01 1.240967364599085698e+01
6.400000000000000000e+01 1.240967364599085698e+01
6.600000000000000000e+01 1.240967364599085698e+01
6.400000000000000000e+01 1.240967364599085698e+01
7.000000000000000000e+01 7.000000000000000000e+00
7.300000000000000000e+01 4.000000000000000000e+00
6.800000000000000000e+01 6.000000000000000000e+00
6.300000000000000000e+01 7.000000000000000000e+00
5.900000000000000000e+01 7.483314773547882659e+00
6.500000000000000000e+01 7.483314773547882659e+00
6.100000000000000000e+01 1.500000000000000000e+01
6.900000000000000000e+01 4.000000000000000000e+00
6.900000000000000000e+01 5.477225575051661188e+00
6.500000000000000000e+01 6.000000000000000000e+00
6.500000000000000000e+01 6.000000000000000000e+00
5.900000000000000000e+01 6.000000000000000000e+00
7.100000000000000000e+01 8.000000000000000000e+00
6.000000000000000000e+01 1.000000000000000000e+01
6.700000000000000000e+01 8.000000000000000000e+00
4.800000000000000000e+01 4.000000000000000000e+00
6.200000000000000000e+01 4.000000000000000000e+00
7.300000000000000000e+01 1.100000000000000000e+01
5.800000000000000000e+01 1.596871942267131139e+01
7.300000000000000000e+01 1.100000000000000000e+01
6.500000000000000000e+01 8.000000000000000000e+00
7.700000000000000000e+01 4.000000000000000000e+00
7.200000000000000000e+01 8.000000000000000000e+00
5.700000000000000000e+01 2.000000000000000000e+00
5.500000000000000000e+01 1.200000000000000000e+01
7.200000000000000000e+01 7.000000000000000000e+00
9.100000000000000000e+01 1.000000000000000000e+01
4.400000000000000000e+01 9.000000000000000000e+00
7.200000000000000000e+01 3.464101615137754386e+00
4.800000000000000000e+01 5.291502622129181432e+00
7.100000000000000000e+01 6.000000000000000000e+00
6.200000000000000000e+01 7.000000000000000000e+00
7.100000000000000000e+01 8.000000000000000000e+00
7.200000000000000000e+01 7.211102550927978250e+00
7.300000000000000000e+01 8.000000000000000000e+00
5.100000000000000000e+01 5.000000000000000000e+00
6.000000000000000000e+01 1.529705854077835525e+01
7.800000000000000000e+01 7.000000000000000000e+00
5.600000000000000000e+01 4.898979485566355763e+00
5.700000000000000000e+01 2.000000000000000000e+00
6.300000000000000000e+01 1.700000000000000000e+01
5.100000000000000000e+01 9.000000000000000000e+00
6.600000000000000000e+01 6.000000000000000000e+00
5.900000000000000000e+01 9.165151389911679658e+00
7.100000000000000000e+01 6.000000000000000000e+00
7.200000000000000000e+01 1.396424004376894068e+01
8.100000000000000000e+01 1.000000000000000000e+01
6.700000000000000000e+01 4.000000000000000000e+00
7.100000000000000000e+01 3.464101615137754386e+00
7.000000000000000000e+01 3.000000000000000000e+00
5.600000000000000000e+01 4.000000000000000000e+00
5.700000000000000000e+01 2.000000000000000000e+00
7.000000000000000000e+01 1.000000000000000000e+01
7.700000000000000000e+01 2.000000000000000000e+01
6.600000000000000000e+01 5.000000000000000000e+00
7.200000000000000000e+01 8.000000000000000000e+00
5.700000000000000000e+01 1.500000000000000000e+01
5.900000000000000000e+01 1.100000000000000000e+01
7.700000000000000000e+01 1.688194301613413373e+01
8.500000000000000000e+01 1.843908891458577415e+01
4.800000000000000000e+01 3.000000000000000000e+00
7.100000000000000000e+01 3.000000000000000000e+00
6.100000000000000000e+01 1.800000000000000000e+01
7.500000000000000000e+01 6.480740698407860378e+00
7.200000000000000000e+01 7.000000000000000000e+00
5.800000000000000000e+01 3.464101615137754386e+00
7.200000000000000000e+01 8.000000000000000000e+00
7.000000000000000000e+01 3.464101615137754386e+00
6.800000000000000000e+01 2.000000000000000000e+00
7.800000000000000000e+01 6.000000000000000000e+00
7.100000000000000000e+01 3.000000000000000000e+00
3.100000000000000000e+01 1.797220075561142849e+01
7.300000000000000000e+01 6.708203932499369415e+00
6.900000000000000000e+01 8.000000000000000000e+00
7.000000000000000000e+01 5.000000000000000000e+00
5.700000000000000000e+01 1.449137674618943805e+01
6.900000000000000000e+01 8.000000000000000000e+00
6.700000000000000000e+01 5.000000000000000000e+00
7.500000000000000000e+01 8.000000000000000000e+00
7.300000000000000000e+01 3.000000000000000000e+00
5.600000000000000000e+01 2.300000000000000000e+01
4.900000000000000000e+01 8.124038404635960831e+00
7.200000000000000000e+01 7.000000000000000000e+00
6.700000000000000000e+01 9.486832980505138124e+00
7.800000000000000000e+01 6.000000000000000000e+00
6.400000000000000000e+01 7.937253933193772149e+00
7.000000000000000000e+01 7.000000000000000000e+00
7.600000000000000000e+01 6.000000000000000000e+00
7.300000000000000000e+01 5.000000000000000000e+00
7.400000000000000000e+01 2.000000000000000000e+00
6.000000000000000000e+01 7.000000000000000000e+00
7.700000000000000000e+01 8.944271909999159220e+00
6.300000000000000000e+01 5.000000000000000000e+00
7.300000000000000000e+01 3.000000000000000000e+00
7.200000000000000000e+01 6.000000000000000000e+00
6.200000000000000000e+01 5.000000000000000000e+00
7.400000000000000000e+01 5.000000000000000000e+00
7.100000000000000000e+01 2.000000000000000000e+00
7.000000000000000000e+01 2.000000000000000000e+00
7.400000000000000000e+01 4.000000000000000000e+00
7.200000000000000000e+01 6.000000000000000000e+00
7.600000000000000000e+01 8.944271909999159220e+00
5.600000000000000000e+01 7.937253933193772149e+00
6.800000000000000000e+01 8.000000000000000000e+00
7.400000000000000000e+01 6.000000000000000000e+00
6.300000000000000000e+01 5.000000000000000000e+00
7.700000000000000000e+01 5.000000000000000000e+00
7.400000000000000000e+01 4.000000000000000000e+00
7.400000000000000000e+01 6.000000000000000000e+00
4.900000000000000000e+01 8.124038404635960831e+00
5.200000000000000000e+01 3.464101615137754386e+00
7.600000000000000000e+01 8.000000000000000000e+00
7.300000000000000000e+01 8.000000000000000000e+00
7.100000000000000000e+01 4.000000000000000000e+00
7.700000000000000000e+01 7.000000000000000000e+00
6.100000000000000000e+01 8.485281374238569541e+00
7.000000000000000000e+01 1.000000000000000000e+00
7.100000000000000000e+01 1.414213562373095145e+00
5.200000000000000000e+01 4.000000000000000000e+00
6.200000000000000000e+01 5.656854249492380582e+00
7.400000000000000000e+01 4.000000000000000000e+00
6.400000000000000000e+01 5.000000000000000000e+00
7.600000000000000000e+01 2.449489742783178059e+01
7.200000000000000000e+01 1.000000000000000000e+00
6.300000000000000000e+01 2.000000000000000000e+00
7.300000000000000000e+01 4.000000000000000000e+00
6.200000000000000000e+01 4.898979485566355763e+00
